{"0": [[0.0, 1177.677494791154], [1177.677494791154, 0.0]], "1": [[0.0, 544.5740624192973, 371.00287478976185], [544.5740624192973, 0.0, 279.96219880607777], [371.00287478976185, 279.96219880607777, 0.0]], "2": [[0.0, 595.2050566196242, 341.40727559624474], [595.2050566196242, 0.0, 315.39486394520503], [341.40727559624474, 315.39486394520503, 0.0]], "3": [[0.0, 716.3440152514282, 426.02614951253884], [716.3440152514282, 0.0, 298.1094515219921], [426.02614951253884, 298.1094515219921, 0.0]], "4": [[0.0, 1258.865870183232, 2061.032566521763, 1776.4623700272239], [1258.865870183232, 0.0, 852.0044037418158, 572.9736116222364], [2061.032566521763, 852.0044037418158, 0.0, 286.6553142132852], [1776.4623700272239, 572.9736116222364, 286.6553142132852, 0.0]], "5": [[0.0, 890.1269590869531, 144.81002203699572, 1330.0095992169058], [890.1269590869531, 0.0, 749.1860180849204, 538.5811868034657], [144.81002203699572, 749.1860180849204, 0.0, 1203.542619339612], [1330.0095992169058, 538.5811868034657, 1203.542619339612, 0.0]], "6": [[0.0, 350.59109426864904, 999.1973365756955], [350.59109426864904, 0.0, 1345.639406682273], [999.1973365756955, 1345.639406682273, 0.0]], "7": [[0.0, 965.5092661225123, 2196.5131747258138, 1228.9360641670391], [965.5092661225123, 0.0, 1237.9977982549715, 263.9772311399848], [2196.5131747258138, 1237.9977982549715, 0.0, 979.8907597005391], [1228.9360641670391, 263.9772311399848, 979.8907597005391, 0.0]], "8": [[0.0, 719.8587168782351, 1873.55617917068, 963.0950552374354], [719.8587168782351, 0.0, 1173.7218312211462, 245.8999393617334], [1873.55617917068, 1173.7218312211462, 0.0, 931.5955844306058], [963.0950552374354, 245.8999393617334, 931.5955844306058, 0.0]], "9": [[0.0, 830.7313670839362, 1706.9563382688962, 1319.2676523127748, 714.8139772416962], [830.7313670839362, 0.0, 902.4439153296103, 495.39897998341905, 134.6207706501195], [1706.9563382688962, 902.4439153296103, 0.0, 418.8414417466445, 997.5761452605875], [1319.2676523127748, 495.39897998341905, 418.8414417466445, 0.0, 604.6427648096686], [714.8139772416962, 134.6207706501195, 997.5761452605875, 604.6427648096686, 0.0]], "10": [[0.0, 186.4818906062272, 265.36376711657874, 737.8432270873518, 1247.8598738810367], [186.4818906062272, 0.0, 383.5854882960317, 552.4453925251894, 1078.4168945610008], [265.36376711657874, 383.5854882960317, 0.0, 872.7060818424568, 1453.918132395696], [737.8432270873518, 552.4453925251894, 872.7060818424568, 0.0, 660.7763051821393], [1247.8598738810367, 1078.4168945610008, 1453.918132395696, 660.7763051821393, 0.0]], "11": [[0.0, 152.51439068112072, 364.85915671203924, 693.8247397411898, 1185.4252905719293], [152.51439068112072, 0.0, 456.95811912304447, 545.5933544077297, 1054.6197515994943], [364.85915671203924, 456.95811912304447, 0.0, 967.1460701821683, 1503.4593568629202], [693.8247397411898, 545.5933544077297, 967.1460701821683, 0.0, 563.5711740505229], [1185.4252905719293, 1054.6197515994943, 1503.4593568629202, 563.5711740505229, 0.0]], "12": [[0.0, 1348.091121831355, 878.974411050777, 918.1256386851989], [1348.091121831355, 0.0, 2213.154771646541, 519.2829122837486], [878.974411050777, 2213.154771646541, 0.0, 1796.710511586808], [918.1256386851989, 519.2829122837486, 1796.710511586808, 0.0]], "13": [[0.0, 382.0457216458182, 1279.4494934002944, 838.405891380477], [382.0457216458182, 0.0, 897.9319428278095, 1220.099517151255], [1279.4494934002944, 897.9319428278095, 0.0, 2117.269115154552], [838.405891380477, 1220.099517151255, 2117.269115154552, 0.0]], "14": [[0.0, 385.1352314535178, 870.6699917296372, 1031.2560438286514], [385.1352314535178, 0.0, 1254.784732880456, 646.8859868411524], [870.6699917296372, 1254.784732880456, 0.0, 1899.8960656923257], [1031.2560438286514, 646.8859868411524, 1899.8960656923257, 0.0]], "15": [[0.0, 388.18609663940015, 341.25496486111564, 957.4063831237789], [388.18609663940015, 0.0, 70.13373688398597, 641.4913079326836], [341.25496486111564, 70.13373688398597, 0.0, 711.3616833162829], [957.4063831237789, 641.4913079326836, 711.3616833162829, 0.0]], "16": [[0.0, 462.5990511841422], [462.5990511841422, 0.0]], "17": [[0.0, 301.88199108768254], [301.88199108768254, 0.0]], "18": [[0.0, 564.4118503896548, 321.76446916565226, 861.2267512432701, 556.8994793266659], [564.4118503896548, 0.0, 852.9873142355411, 1265.9645389444677, 732.017046094231], [321.76446916565226, 852.9873142355411, 0.0, 580.0755061963031, 516.435547570456], [861.2267512432701, 1265.9645389444677, 580.0755061963031, 0.0, 586.5073310907469], [556.8994793266659, 732.017046094231, 516.435547570456, 586.5073310907469, 0.0]], "19": [[0.0, 665.142737925874, 1229.990825103227, 1385.0493062171906, 1132.8578168223703], [665.142737925874, 0.0, 596.9799290767654, 814.7033028572606, 701.4687770985911], [1229.990825103227, 596.9799290767654, 0.0, 287.9053532278977, 476.5158642507379], [1385.0493062171906, 814.7033028572606, 287.9053532278977, 0.0, 365.6329636930155], [1132.8578168223703, 701.4687770985911, 476.5158642507379, 365.6329636930155, 0.0]], "20": [[0.0, 1274.186423108535, 779.2034201833551, 1604.4304025666304, 1127.3728517853656, 1526.8157723771585], [1274.186423108535, 0.0, 506.52633989560445, 361.89352235591076, 616.467840196804, 542.9229699814225], [779.2034201833551, 506.52633989560445, 0.0, 858.0657150600593, 662.7044548392231, 894.3557321042732], [1604.4304025666304, 361.89352235591076, 858.0657150600593, 0.0, 720.0146941388773, 388.15415759894034], [1127.3728517853656, 616.467840196804, 662.7044548392231, 720.0146941388773, 0.0, 456.0423234801281], [1526.8157723771585, 542.9229699814225, 894.3557321042732, 388.15415759894034, 456.0423234801281, 0.0]], "21": [[0.0, 944.4126783071415, 594.246716832578, 329.27372913427666], [944.4126783071415, 0.0, 1528.0178871164342, 789.7723489729573], [594.246716832578, 1528.0178871164342, 0.0, 785.8034096302645], [329.27372913427666, 789.7723489729573, 785.8034096302645, 0.0]], "22": [[0.0, 1793.782730929026, 1088.730901832845], [1793.782730929026, 0.0, 711.6114953603303], [1088.730901832845, 711.6114953603303, 0.0]], "23": [[0.0, 222.65636950392255, 855.0904583880965, 1300.0736559516274, 1617.3356236838108, 1759.1522816792092], [222.65636950392255, 0.0, 637.5121244085628, 1081.7050160198744, 1398.9631933734534, 1541.2610608204611], [855.0904583880965, 637.5121244085628, 0.0, 445.0499026181052, 762.2825329553308, 904.2950387899867], [1300.0736559516274, 1081.7050160198744, 445.0499026181052, 0.0, 317.3383138944027, 460.2446400660407], [1617.3356236838108, 1398.9631933734534, 762.2825329553308, 317.3383138944027, 0.0, 146.61062865129102], [1759.1522816792092, 1541.2610608204611, 904.2950387899867, 460.2446400660407, 146.61062865129102, 0.0]], "24": [[0.0, 334.460325472843, 758.8346658224565, 1062.6634985376493, 1298.9641010153878, 1655.757929950295], [334.460325472843, 0.0, 428.1739327322202, 731.5618964074503, 967.7257604656787, 1323.8236527333668], [758.8346658224565, 428.1739327322202, 0.0, 303.86710315404974, 540.2153333566608, 897.1438523393693], [1062.6634985376493, 731.5618964074503, 303.86710315404974, 0.0, 236.44693010075974, 593.6489623058784], [1298.9641010153878, 967.7257604656787, 540.2153333566608, 236.44693010075974, 0.0, 357.48394206338867], [1655.757929950295, 1323.8236527333668, 897.1438523393693, 593.6489623058784, 357.48394206338867, 0.0]], "25": [[0.0, 656.0866511005703, 240.21388153160868, 226.33455422728872, 444.3953416729412, 887.755403104306], [656.0866511005703, 0.0, 419.3776806463348, 882.2854373338768, 1100.4435919919424, 1543.741476452065], [240.21388153160868, 419.3776806463348, 0.0, 465.50962762028865, 683.0436165558907, 1125.8268298967253], [226.33455422728872, 882.2854373338768, 465.50962762028865, 0.0, 218.2256553337616, 661.9898011911812], [444.3953416729412, 1100.4435919919424, 683.0436165558907, 218.2256553337616, 0.0, 443.90489084757996], [887.755403104306, 1543.741476452065, 1125.8268298967253, 661.9898011911812, 443.90489084757996, 0.0]], "26": [[0.0, 89.82833293774208], [89.82833293774208, 0.0]], "27": [[0.0, 106.33238035114285], [106.33238035114285, 0.0]], "28": [[0.0]], "29": [[0.0]], "30": [[0.0, 1619.6350299828882], [1619.6350299828882, 0.0]], "31": [[0.0, 1114.1348833117777, 1619.013505531845], [1114.1348833117777, 0.0, 507.16240988928905], [1619.013505531845, 507.16240988928905, 0.0]], "32": [[0.0, 95.69402512530148, 1014.2532815931448], [95.69402512530148, 0.0, 1107.475887064524], [1014.2532815931448, 1107.475887064524, 0.0]], "33": [[0.0, 96.7120753216333, 1004.6644416177757], [96.7120753216333, 0.0, 1101.1298321067413], [1004.6644416177757, 1101.1298321067413, 0.0]], "34": [[0.0, 1900.3390434719931, 163.71372541891955], [1900.3390434719931, 0.0, 2059.632966196093], [163.71372541891955, 2059.632966196093, 0.0]], "35": [[0.0, 475.3840910324856, 1630.1078063681443, 1384.0517868874845, 553.8913167584262], [475.3840910324856, 0.0, 2104.215177228614, 1858.3507953637027, 80.22969418433443], [1630.1078063681443, 2104.215177228614, 0.0, 246.6009574891287, 2181.763548940511], [1384.0517868874845, 1858.3507953637027, 246.6009574891287, 0.0, 1935.9777750449155], [553.8913167584262, 80.22969418433443, 2181.763548940511, 1935.9777750449155, 0.0]], "36": [[0.0, 563.8607393094302, 1366.868037155202, 1154.4480494088389, 636.4957840274941], [563.8607393094302, 0.0, 1930.0653386358879, 1717.812584910469, 73.39396691298694], [1366.868037155202, 1930.0653386358879, 0.0, 212.92586116544388, 2002.4840252162558], [1154.4480494088389, 1717.812584910469, 212.92586116544388, 0.0, 1790.2120135097443], [636.4957840274941, 73.39396691298694, 2002.4840252162558, 1790.2120135097443, 0.0]], "37": [[0.0, 650.4470547115408, 1131.514197485337, 917.5719479736116, 724.3673887129123], [650.4470547115408, 0.0, 1781.2026242730742, 1567.4313911740023, 74.30460042557513], [1131.514197485337, 1781.2026242730742, 0.0, 214.43827092344534, 1855.2183400935332], [917.5719479736116, 1567.4313911740023, 214.43827092344534, 0.0, 1641.4240939720999], [724.3673887129123, 74.30460042557513, 1855.2183400935332, 1641.4240939720999, 0.0]], "38": [[0.0, 518.4368049264136, 1275.361571063715, 1784.6093181918877, 551.8245509064784, 554.311854552271, 1349.6259995353244], [518.4368049264136, 0.0, 836.3925562702071, 1271.5126060132736, 971.9659090979762, 181.0606999269958, 910.8480222544695], [1275.361571063715, 836.3925562702071, 0.0, 703.8697142743422, 1792.1925757173924, 727.4590324706647, 75.29681806865874], [1784.6093181918877, 1271.5126060132736, 703.8697142743422, 0.0, 2220.6099693650526, 1248.55548021617, 671.7116581839442], [551.8245509064784, 971.9659090979762, 1792.1925757173924, 2220.6099693650526, 0.0, 1065.9775766410405, 1867.0570392181694], [554.311854552271, 181.0606999269958, 727.4590324706647, 1248.55548021617, 1065.9775766410405, 0.0, 802.1707069618072], [1349.6259995353244, 910.8480222544695, 75.29681806865874, 671.7116581839442, 1867.0570392181694, 802.1707069618072, 0.0]], "39": [[0.0, 1456.8622601154386, 823.9097349368686, 643.9576296243088, 1487.8160856595891, 623.7375058673109], [1456.8622601154386, 0.0, 684.9087365685313, 814.7702043180656, 580.7504706517586, 2046.618027569792], [823.9097349368686, 684.9087365685313, 0.0, 225.46290727076777, 688.3310680639498, 1378.1748756698935], [643.9576296243088, 814.7702043180656, 225.46290727076777, 0.0, 907.6444191707335, 1236.190468687828], [1487.8160856595891, 580.7504706517586, 688.3310680639498, 907.6444191707335, 0.0, 1977.3353346562183], [623.7375058673109, 2046.618027569792, 1378.1748756698935, 1236.190468687828, 1977.3353346562183, 0.0]], "40": [[0.0, 2014.5503160151538, 1959.8623990761057, 1093.0278891499988, 1626.6228230796894], [2014.5503160151538, 0.0, 174.04889032225628, 921.6184731598826, 387.96487052321004], [1959.8623990761057, 174.04889032225628, 0.0, 873.8911792665654, 366.6159316911146], [1093.0278891499988, 921.6184731598826, 873.8911792665654, 0.0, 533.8271236240031], [1626.6228230796894, 387.96487052321004, 366.6159316911146, 533.8271236240031, 0.0]], "41": [[0.0, 130.35531894824783, 1393.2518383385504, 66.1821245608639], [130.35531894824783, 0.0, 1266.78948156108, 196.46643131218312], [1393.2518383385504, 1266.78948156108, 0.0, 1457.868440528316], [66.1821245608639, 196.46643131218312, 1457.868440528316, 0.0]], "42": [[0.0, 232.73590930490442, 320.06991851693147, 372.8899745125964, 743.6977301202702], [232.73590930490442, 0.0, 87.80670687989718, 140.4612937771971, 963.826707798688], [320.06991851693147, 87.80670687989718, 0.0, 53.24289065811838, 1049.1523531737803], [372.8899745125964, 140.4612937771971, 53.24289065811838, 0.0, 1101.39127785982], [743.6977301202702, 963.826707798688, 1049.1523531737803, 1101.39127785982, 0.0]], "43": [[0.0, 808.0510242513521], [808.0510242513521, 0.0]], "44": [[0.0, 349.21428785921535], [349.21428785921535, 0.0]], "45": [[0.0, 186.62364953855007, 710.834987902933, 1097.666406989525, 579.4701829205957, 1503.4593568629202], [186.62364953855007, 0.0, 525.9202664474006, 1283.7238185220394, 398.63810062807295, 1679.2499840232933], [710.834987902933, 525.9202664474006, 0.0, 1801.1309607244793, 143.60262193823846, 2160.434487413326], [1097.666406989525, 1283.7238185220394, 1801.1309607244793, 0.0, 1663.3819132736091, 551.4417663613319], [579.4701829205957, 398.63810062807295, 143.60262193823846, 1663.3819132736091, 0.0, 2017.945179185825], [1503.4593568629202, 1679.2499840232933, 2160.434487413326, 551.4417663613319, 2017.945179185825, 0.0]], "46": [[0.0, 196.3001925871861, 904.7473373286832, 561.1925183089863, 642.4680427372708, 711.8064453738631], [196.3001925871861, 0.0, 1100.1382261940073, 365.46395853703865, 448.3923212727666, 869.0573730970668], [904.7473373286832, 1100.1382261940073, 0.0, 1461.5985477808952, 1538.2389544651573, 526.2563987260916], [561.1925183089863, 365.46395853703865, 1461.5985477808952, 0.0, 89.94030717064217, 1179.4657493647835], [642.4680427372708, 448.3923212727666, 1538.2389544651573, 89.94030717064217, 0.0, 1237.502099109156], [711.8064453738631, 869.0573730970668, 526.2563987260916, 1179.4657493647835, 1237.502099109156, 0.0]], "47": [[0.0, 883.3708851053298, 1102.0938347294934, 1560.4920584977554, 1294.2368294481714], [883.3708851053298, 0.0, 226.2615030943447, 684.5626605288372, 463.87347159728023], [1102.0938347294934, 226.2615030943447, 0.0, 459.81045444346427, 257.79047244697773], [1560.4920584977554, 684.5626605288372, 459.81045444346427, 0.0, 314.86066788270847], [1294.2368294481714, 463.87347159728023, 257.79047244697773, 314.86066788270847, 0.0]], "48": [[0.0, 104.70810255922471, 1446.1198214184512, 1161.5829176740074], [104.70810255922471, 0.0, 1342.1296285768603, 1059.463655230945], [1446.1198214184512, 1342.1296285768603, 0.0, 313.7452445565292], [1161.5829176740074, 1059.463655230945, 313.7452445565292, 0.0]], "49": [[0.0, 289.8266271489124], [289.8266271489124, 0.0]], "50": [[0.0, 1597.5165160981328], [1597.5165160981328, 0.0]], "51": [[0.0, 341.99818349763353, 1122.1882775758022], [341.99818349763353, 0.0, 1463.0997768754087], [1122.1882775758022, 1463.0997768754087, 0.0]], "52": [[0.0, 1236.7735291721724], [1236.7735291721724, 0.0]], "53": [[0.0, 999.3581116568776], [999.3581116568776, 0.0]], "54": [[0.0, 699.2710604421418, 733.0977503545494], [699.2710604421418, 0.0, 57.73693455605655], [733.0977503545494, 57.73693455605655, 0.0]], "55": [[0.0]], "56": [[0.0]], "57": [[0.0, 414.0175214277831], [414.0175214277831, 0.0]], "58": [[0.0, 244.501949765089], [244.501949765089, 0.0]], "59": [[0.0, 889.3438438041554, 1566.4015629719966], [889.3438438041554, 0.0, 2452.3910667763157], [1566.4015629719966, 2452.3910667763157, 0.0]], "60": [[0.0, 377.717746281811, 564.4876211350231, 1799.9237560181043], [377.717746281811, 0.0, 934.6884021517491, 1422.316633846385], [564.4876211350231, 934.6884021517491, 0.0, 2351.4339655753506], [1799.9237560181043, 1422.316633846385, 2351.4339655753506, 0.0]], "61": [[0.0, 422.6409670940891, 439.05212399326734, 224.1980048282468, 1689.6656673734105], [422.6409670940891, 0.0, 858.056203349079, 641.790926324773, 1267.3434382926857], [439.05212399326734, 858.056203349079, 0.0, 216.34281860442505, 2120.51108136623], [224.1980048282468, 641.790926324773, 216.34281860442505, 0.0, 1905.2240141269208], [1689.6656673734105, 1267.3434382926857, 2120.51108136623, 1905.2240141269208, 0.0]], "62": [[0.0, 634.295014386652], [634.295014386652, 0.0]], "63": [[0.0, 273.61905071094503, 1153.3352099691513], [273.61905071094503, 0.0, 1404.5115979077736], [1153.3352099691513, 1404.5115979077736, 0.0]], "64": [[0.0, 2173.736624689909], [2173.736624689909, 0.0]], "65": [[0.0, 375.0817396001867, 413.9057979785603], [375.0817396001867, 0.0, 288.52914626916413], [413.9057979785603, 288.52914626916413, 0.0]], "66": [[0.0, 249.73884429956502, 435.5113888355863], [249.73884429956502, 0.0, 673.325734505676], [435.5113888355863, 673.325734505676, 0.0]], "67": [[0.0, 284.61266006872756], [284.61266006872756, 0.0]], "68": [[0.0, 1337.9972888805705], [1337.9972888805705, 0.0]], "69": [[0.0, 108.93579251095004], [108.93579251095004, 0.0]], "70": [[0.0]], "71": [[0.0, 1396.596629741688], [1396.596629741688, 0.0]], "72": [[0.0, 1334.373116238339, 1095.6481507736626, 1112.800838279576], [1334.373116238339, 0.0, 306.50575460791885, 2411.256660234613], [1095.6481507736626, 306.50575460791885, 0.0, 2138.8144181752855], [1112.800838279576, 2411.256660234613, 2138.8144181752855, 0.0]], "73": [[0.0, 1213.5823286051861, 507.34207194281817, 1981.5162898533952, 2211.8858115424728], [1213.5823286051861, 0.0, 770.8149097634957, 809.460539960109, 1067.4401812313683], [507.34207194281817, 770.8149097634957, 0.0, 1492.909016833718, 1714.1105981998771], [1981.5162898533952, 809.460539960109, 1492.909016833718, 0.0, 269.474903284393], [2211.8858115424728, 1067.4401812313683, 1714.1105981998771, 269.474903284393, 0.0]], "74": [[0.0, 857.3377205648414, 1099.3466102459238, 268.6288880011701, 197.61242042635544, 879.7107442603887], [857.3377205648414, 0.0, 1926.1132510266077, 617.265717671415, 820.7777488041281, 1734.8204646802026], [1099.3466102459238, 1926.1132510266077, 0.0, 1309.4765501624063, 1106.0794234846228, 337.9714518501812], [268.6288880011701, 617.265717671415, 1309.4765501624063, 0.0, 209.4023751165458, 1124.2607009518247], [197.61242042635544, 820.7777488041281, 1106.0794234846228, 209.4023751165458, 0.0, 939.9592650202807], [879.7107442603887, 1734.8204646802026, 337.9714518501812, 1124.2607009518247, 939.9592650202807, 0.0]], "75": [[0.0, 839.0277750209742, 1182.6280879576777, 380.78566898171186, 206.5647302172205, 537.8431893543178], [839.0277750209742, 0.0, 1997.4390612457782, 473.7046847481445, 741.9727332936035, 1375.8721910703696], [1182.6280879576777, 1997.4390612457782, 0.0, 1524.0015702805927, 1256.8148014337182, 673.8023395662334], [380.78566898171186, 473.7046847481445, 1524.0015702805927, 0.0, 271.4835012909504, 909.3791250828892], [206.5647302172205, 741.9727332936035, 1256.8148014337182, 271.4835012909504, 0.0, 666.7119570096506], [537.8431893543178, 1375.8721910703696, 673.8023395662334, 909.3791250828892, 666.7119570096506, 0.0]], "76": [[0.0, 845.3525602548177, 666.771124686516, 324.69135743074054, 1242.8736779756307], [845.3525602548177, 0.0, 183.70801358085345, 565.9819963908157, 405.4490477247861], [666.771124686516, 183.70801358085345, 0.0, 382.53791754616486, 576.777748691196], [324.69135743074054, 565.9819963908157, 382.53791754616486, 0.0, 945.1353700746591], [1242.8736779756307, 405.4490477247861, 576.777748691196, 945.1353700746591, 0.0]], "77": [[0.0, 658.1699924714692, 597.2350667119459, 271.04525968231434, 857.3320408666144, 263.86721488262896], [658.1699924714692, 0.0, 71.74085777156368, 465.12679329861476, 243.51653360730546, 916.1076426338097], [597.2350667119459, 71.74085777156368, 0.0, 394.8558518822597, 275.50522714602636, 852.2725292564465], [271.04525968231434, 465.12679329861476, 394.8558518822597, 0.0, 622.1033556224465, 485.5933677455024], [857.3320408666144, 243.51653360730546, 275.50522714602636, 622.1033556224465, 0.0, 1102.203118737206], [263.86721488262896, 916.1076426338097, 852.2725292564465, 485.5933677455024, 1102.203118737206, 0.0]], "78": [[0.0, 47.17923990756788, 390.7658238875111, 366.36400136416734, 1021.5445674434213], [47.17923990756788, 0.0, 414.39251293801374, 319.9586540811988, 1055.6700234204723], [390.7658238875111, 414.39251293801374, 0.0, 625.2758735733386, 663.0852115170499], [366.36400136416734, 319.9586540811988, 625.2758735733386, 0.0, 1286.9318736053544], [1021.5445674434213, 1055.6700234204723, 663.0852115170499, 1286.9318736053544, 0.0]], "79": [[0.0, 108.21583535689626, 368.3088053798283, 1185.4957952648563], [108.21583535689626, 0.0, 460.1284769823405, 1290.3223078368585], [368.3088053798283, 460.1284769823405, 0.0, 854.7814560539781], [1185.4957952648563, 1290.3223078368585, 854.7814560539781, 0.0]], "80": [[0.0, 306.0179703837801, 1072.0509446999422], [306.0179703837801, 0.0, 1362.6019291501611], [1072.0509446999422, 1362.6019291501611, 0.0]], "81": [[0.0, 254.85335863765476, 559.1123946110193], [254.85335863765476, 0.0, 724.9062901449201], [559.1123946110193, 724.9062901449201, 0.0]], "82": [[0.0, 696.8348221195072], [696.8348221195072, 0.0]], "83": [[0.0, 316.4970443979716], [316.4970443979716, 0.0]], "84": [[0.0, 381.0985497675474], [381.0985497675474, 0.0]], "85": [[0.0, 930.0401928643444], [930.0401928643444, 0.0]], "86": [[0.0, 133.93751531362446, 304.07295397578406, 1184.9548569021558, 363.73065227568515, 211.35588411715304], [133.93751531362446, 0.0, 170.29675359239306, 1051.3582003676281, 485.6879750706059, 77.88972995952103], [304.07295397578406, 170.29675359239306, 0.0, 881.2229597042959, 646.1381197670238, 92.86614071872972], [1184.9548569021558, 1051.3582003676281, 881.2229597042959, 0.0, 1507.0531923475585, 973.6528100131094], [363.73065227568515, 485.6879750706059, 646.1381197670238, 1507.0531923475585, 0.0, 556.2537135714113], [211.35588411715304, 77.88972995952103, 92.86614071872972, 973.6528100131094, 556.2537135714113, 0.0]], "87": [[0.0, 207.19595188335762, 1405.861645725955, 218.47013446022552, 95.89282580726578], [207.19595188335762, 0.0, 1200.2979846782673, 342.4575171909844, 112.59541993122191], [1405.861645725955, 1200.2979846782673, 0.0, 1506.989628215514, 1312.0371180882164], [218.47013446022552, 342.4575171909844, 1506.989628215514, 0.0, 259.1826349673005], [95.89282580726578, 112.59541993122191, 1312.0371180882164, 259.1826349673005, 0.0]], "88": [[0.0, 1614.4684423943966, 275.1890700092826, 101.27411150660822], [1614.4684423943966, 0.0, 1411.5645679952045, 1513.488656287605], [275.1890700092826, 1411.5645679952045, 0.0, 207.1565572728897], [101.27411150660822, 1513.488656287605, 207.1565572728897, 0.0]], "89": [[0.0, 1677.9615150780892, 1024.622835164439, 350.7074730583338], [1677.9615150780892, 0.0, 796.2074361697195, 1882.7138118531009], [1024.622835164439, 796.2074361697195, 0.0, 1315.2589068333432], [350.7074730583338, 1882.7138118531009, 1315.2589068333432, 0.0]], "90": [[0.0, 547.6626537417094, 618.6396794710643, 662.117149208236], [547.6626537417094, 0.0, 1137.9663452563345, 1208.4018064198908], [618.6396794710643, 1137.9663452563345, 0.0, 228.61991324942224], [662.117149208236, 1208.4018064198908, 228.61991324942224, 0.0]], "91": [[0.0, 1358.2161013574225, 1218.3746849260885], [1358.2161013574225, 0.0, 165.6484012076672], [1218.3746849260885, 165.6484012076672, 0.0]], "92": [[0.0, 492.77251517629054, 1394.032682230358, 262.93426735963374], [492.77251517629054, 0.0, 1886.2550939402126, 231.41123751628135], [1394.032682230358, 1886.2550939402126, 0.0, 1655.2846552924373], [262.93426735963374, 231.41123751628135, 1655.2846552924373, 0.0]], "93": [[0.0, 515.5233913697225, 1072.7638011147194, 334.24811601445253], [515.5233913697225, 0.0, 1587.970146512928, 185.4831041335773], [1072.7638011147194, 1587.970146512928, 0.0, 1404.924738083391], [334.24811601445253, 185.4831041335773, 1404.924738083391, 0.0]], "94": [[0.0, 473.8478903242369, 1103.0425345223944], [473.8478903242369, 0.0, 629.9006407794491], [1103.0425345223944, 629.9006407794491, 0.0]], "95": [[0.0, 376.5418953628794, 1072.9311648970697, 1010.8131914623383], [376.5418953628794, 0.0, 696.9089968839003, 634.5008568685128], [1072.9311648970697, 696.9089968839003, 0.0, 88.48571437348552], [1010.8131914623383, 634.5008568685128, 88.48571437348552, 0.0]], "96": [[0.0, 191.44165402075186], [191.44165402075186, 0.0]], "97": [[0.0, 600.2122486366288, 124.78364528684625], [600.2122486366288, 0.0, 510.76268263639133], [124.78364528684625, 510.76268263639133, 0.0]], "98": [[0.0, 524.5467868732269, 317.4411732717117, 491.26853810333574], [524.5467868732269, 0.0, 245.51187573726278, 814.7369873766929], [317.4411732717117, 245.51187573726278, 0.0, 598.1868680997578], [491.26853810333574, 814.7369873766929, 598.1868680997578, 0.0]], "99": [[0.0, 600.9058408410895, 807.7379092960551, 343.9873261187113], [600.9058408410895, 0.0, 1403.6237291169134, 312.5731031182195], [807.7379092960551, 1403.6237291169134, 0.0, 1138.6283781573316], [343.9873261187113, 312.5731031182195, 1138.6283781573316, 0.0]], "100": [[0.0, 653.0859286611447, 473.7215630406072, 1049.0538112657912], [653.0859286611447, 0.0, 948.0028949210518, 1241.417197289331], [473.7215630406072, 948.0028949210518, 0.0, 640.9043659544055], [1049.0538112657912, 1241.417197289331, 640.9043659544055, 0.0]], "101": [[0.0, 602.7944200533658], [602.7944200533658, 0.0]], "102": [[0.0, 1398.0073258515697], [1398.0073258515697, 0.0]], "103": [[0.0, 1238.5252618908874], [1238.5252618908874, 0.0]], "104": [[0.0, 927.8561265896456], [927.8561265896456, 0.0]], "105": [[0.0, 462.48003375091434, 666.5016249827778, 623.9437099481048, 773.4176565923822], [462.48003375091434, 0.0, 205.72185735528103, 870.6881815945529, 1139.7621942135952], [666.5016249827778, 205.72185735528103, 0.0, 1010.5427138716564, 1307.3625851785678], [623.9437099481048, 870.6881815945529, 1010.5427138716564, 0.0, 394.8697429821179], [773.4176565923822, 1139.7621942135952, 1307.3625851785678, 394.8697429821179, 0.0]], "106": [[0.0, 326.1587366899647, 791.7132053243772, 1073.191591378452, 357.09030606177583], [326.1587366899647, 0.0, 1030.2883651120069, 1353.582114661553, 681.4102670331164], [791.7132053243772, 1030.2883651120069, 0.0, 405.26033332188996, 580.1046431441439], [1073.191591378452, 1353.582114661553, 405.26033332188996, 0.0, 772.3980012808601], [357.09030606177583, 681.4102670331164, 580.1046431441439, 772.3980012808601, 0.0]], "107": [[0.0, 84.48533592097314, 973.652213654251, 1148.7510700238079, 563.0318626304957], [84.48533592097314, 0.0, 1036.7698642766375, 1220.3583518875691, 479.14724411113855], [973.652213654251, 1036.7698642766375, 0.0, 282.48518858636083, 1415.4867486026849], [1148.7510700238079, 1220.3583518875691, 282.48518858636083, 0.0, 1629.1891176010786], [563.0318626304957, 479.14724411113855, 1415.4867486026849, 1629.1891176010786, 0.0]], "108": [[0.0, 895.5651408648195, 613.0798563265037, 1309.5224416262565, 1204.7754735320946], [895.5651408648195, 0.0, 340.51042486689636, 2057.4041424608067, 1749.1024888512775], [613.0798563265037, 340.51042486689636, 0.0, 1747.033084951154, 1461.0012296404104], [1309.5224416262565, 2057.4041424608067, 1747.033084951154, 0.0, 556.483535127382], [1204.7754735320946, 1749.1024888512775, 1461.0012296404104, 556.483535127382, 0.0]], "109": [[0.0, 471.3007045013282, 2102.0177423462815], [471.3007045013282, 0.0, 1678.8223847943568], [2102.0177423462815, 1678.8223847943568, 0.0]], "110": [[0.0, 1708.8156389601781], [1708.8156389601781, 0.0]], "111": [[0.0, 1192.4262190522275, 1473.718367786682], [1192.4262190522275, 0.0, 629.6457680519259], [1473.718367786682, 629.6457680519259, 0.0]], "112": [[0.0, 557.3551945511709, 1459.5227431724202], [557.3551945511709, 0.0, 1187.705719005596], [1459.5227431724202, 1187.705719005596, 0.0]], "113": [[0.0, 1566.6169126655777], [1566.6169126655777, 0.0]], "114": [[0.0, 412.4517148281957, 1425.1590716429416], [412.4517148281957, 0.0, 1809.1334679235458], [1425.1590716429416, 1809.1334679235458, 0.0]], "115": [[0.0, 1420.948699155909, 479.23411702464443, 811.359301144501, 1564.5249795259954], [1420.948699155909, 0.0, 1890.5120609274172, 611.4227410793126, 191.76426680056835], [479.23411702464443, 1890.5120609274172, 0.0, 1279.500951845689, 2025.4311894859245], [811.359301144501, 611.4227410793126, 1279.500951845689, 0.0, 755.0304755214758], [1564.5249795259954, 191.76426680056835, 2025.4311894859245, 755.0304755214758, 0.0]], "116": [[0.0, 923.8855723905476, 165.34285844836097], [923.8855723905476, 0.0, 794.2130454612652], [165.34285844836097, 794.2130454612652, 0.0]], "117": [[0.0, 944.0849065052537, 2416.353906833078, 413.88055878770274], [944.0849065052537, 0.0, 1503.9322483804153, 553.541211367897], [2416.353906833078, 1503.9322483804153, 0.0, 2003.9782888716366], [413.88055878770274, 553.541211367897, 2003.9782888716366, 0.0]], "118": [[0.0, 26.697980547819206, 730.2620623851493, 543.1559427260964, 867.5158233718024], [26.697980547819206, 0.0, 756.7755938282677, 567.576771815874, 894.0028018193855], [730.2620623851493, 756.7755938282677, 0.0, 352.8397478837497, 180.17963284252852], [543.1559427260964, 567.576771815874, 352.8397478837497, 0.0, 397.63271200979665], [867.5158233718024, 894.0028018193855, 180.17963284252852, 397.63271200979665, 0.0]], "119": [[0.0, 487.9330751964188, 265.4297925196013], [487.9330751964188, 0.0, 668.9346592070103], [265.4297925196013, 668.9346592070103, 0.0]], "120": [[0.0, 848.4195737015615], [848.4195737015615, 0.0]], "121": [[0.0, 1071.5787436709497], [1071.5787436709497, 0.0]], "122": [[0.0, 1388.7621237681308, 700.4596298412363], [1388.7621237681308, 0.0, 817.1674406913057], [700.4596298412363, 817.1674406913057, 0.0]], "123": [[0.0, 922.1608620457382, 868.1671576548938, 571.2999513319409], [922.1608620457382, 0.0, 254.58851769278422, 972.8266325300248], [868.1671576548938, 254.58851769278422, 0.0, 780.3594159287927], [571.2999513319409, 972.8266325300248, 780.3594159287927, 0.0]], "124": [[0.0, 799.4728412922174], [799.4728412922174, 0.0]], "125": [[0.0, 497.8219589989698, 1315.0961973480148, 651.1207319141181, 945.371321975249], [497.8219589989698, 0.0, 868.4145877399903, 184.62782708476598, 559.2119479946982], [1315.0961973480148, 868.4145877399903, 0.0, 686.7689765825165, 397.3050762980598], [651.1207319141181, 184.62782708476598, 686.7689765825165, 0.0, 383.97279186145386], [945.371321975249, 559.2119479946982, 397.3050762980598, 383.97279186145386, 0.0]], "126": [[0.0, 378.90726984393706, 823.8870160135067, 1124.9658092843713], [378.90726984393706, 0.0, 599.6364987133854, 781.4150519139674], [823.8870160135067, 599.6364987133854, 0.0, 476.24745445697147], [1124.9658092843713, 781.4150519139674, 476.24745445697147, 0.0]], "127": [[0.0, 209.80967571397363, 1471.674288781031], [209.80967571397363, 0.0, 1674.7603852814111], [1471.674288781031, 1674.7603852814111, 0.0]], "128": [[0.0, 190.74153696878122, 1055.2252075425008], [190.74153696878122, 0.0, 1242.1868929768207], [1055.2252075425008, 1242.1868929768207, 0.0]], "129": [[0.0, 342.29641581594154, 336.09875110152115, 1033.0923242077815], [342.29641581594154, 0.0, 175.07260863495225, 915.6235373731039], [336.09875110152115, 175.07260863495225, 0.0, 1088.9707621364255], [1033.0923242077815, 915.6235373731039, 1088.9707621364255, 0.0]], "130": [[0.0, 213.43746566534674, 285.41252641767556, 740.0893769797041], [213.43746566534674, 0.0, 130.4901843068589, 834.038456085571], [285.41252641767556, 130.4901843068589, 0.0, 959.9084732737415], [740.0893769797041, 834.038456085571, 959.9084732737415, 0.0]], "131": [[0.0, 203.17852655163654, 588.4014388858094], [203.17852655163654, 0.0, 781.9753714639361], [588.4014388858094, 781.9753714639361, 0.0]], "132": [[0.0, 258.726280038619, 1011.8923790144503, 411.98290843260037, 211.8443411261995], [258.726280038619, 0.0, 753.210218887783, 648.244131108849, 453.73977453052424], [1011.8923790144503, 753.210218887783, 0.0, 1380.4854589407626, 1197.507919889688], [411.98290843260037, 648.244131108849, 1380.4854589407626, 0.0, 202.88373462798884], [211.8443411261995, 453.73977453052424, 1197.507919889688, 202.88373462798884, 0.0]], "133": [[0.0, 162.3639675137663, 240.46291347227697], [162.3639675137663, 0.0, 392.9744025271477], [240.46291347227697, 392.9744025271477, 0.0]], "134": [[0.0, 120.98148318169451], [120.98148318169451, 0.0]], "135": [[0.0, 289.5675056174672, 211.1016167502261], [289.5675056174672, 0.0, 89.1595509369576], [211.1016167502261, 89.1595509369576, 0.0]], "136": [[0.0, 357.08037094736613, 1915.8098996552776, 274.7636394933246], [357.08037094736613, 0.0, 2271.637320472396, 98.77178655947878], [1915.8098996552776, 2271.637320472396, 0.0, 2188.3332682426962], [274.7636394933246, 98.77178655947878, 2188.3332682426962, 0.0]], "137": [[0.0, 316.83392187836387, 1487.2776721951634, 229.98365988721625], [316.83392187836387, 0.0, 1803.413395605237, 110.86663852597364], [1487.2776721951634, 1803.413395605237, 0.0, 1711.888741893648], [229.98365988721625, 110.86663852597364, 1711.888741893648, 0.0]], "138": [[0.0, 260.2928990639896, 1232.480369700835, 188.30706958036998], [260.2928990639896, 0.0, 1492.0408252338589, 115.90530374694804], [1232.480369700835, 1492.0408252338589, 0.0, 1404.8033604009056], [188.30706958036998, 115.90530374694804, 1404.8033604009056, 0.0]], "139": [[0.0, 1529.6929326386742, 735.2876939992547, 1333.0819203590045, 570.0317262594582], [1529.6929326386742, 0.0, 803.3203536766066, 200.53693162685076, 1526.5791856614394], [735.2876939992547, 803.3203536766066, 0.0, 604.0658067485426, 786.5612476166473], [1333.0819203590045, 200.53693162685076, 604.0658067485426, 0.0, 1333.3288332969732], [570.0317262594582, 1526.5791856614394, 786.5612476166473, 1333.3288332969732, 0.0]], "140": [[0.0, 1276.992391186508, 1466.4979178956735, 747.1039453833137, 1209.8013393829885], [1276.992391186508, 0.0, 189.8753031444165, 537.7652554188761, 625.5449836715686], [1466.4979178956735, 189.8753031444165, 0.0, 725.2697036904685, 709.59387568661], [747.1039453833137, 537.7652554188761, 725.2697036904685, 0.0, 608.5743248783], [1209.8013393829885, 625.5449836715686, 709.59387568661, 608.5743248783, 0.0]], "141": [[0.0, 1400.5124243565035, 1395.220677897362, 754.824520045422, 1198.1415947116295], [1400.5124243565035, 0.0, 404.22918077295975, 651.4711505848277, 206.30116015453206], [1395.220677897362, 404.22918077295975, 0.0, 674.6628917199727, 389.9791959922669], [754.824520045422, 651.4711505848277, 674.6628917199727, 0.0, 446.3557386796711], [1198.1415947116295, 206.30116015453206, 389.9791959922669, 446.3557386796711, 0.0]], "142": [[0.0, 797.8288017469285, 1314.8348069365884, 746.4138054945486, 1109.2796875057134], [797.8288017469285, 0.0, 788.978678998574, 406.3650603988515, 607.151978039136], [1314.8348069365884, 788.978678998574, 0.0, 572.3119693278165, 209.68884032316757], [746.4138054945486, 406.3650603988515, 572.3119693278165, 0.0, 364.1806571794806], [1109.2796875057134, 607.151978039136, 209.68884032316757, 364.1806571794806, 0.0]], "143": [[0.0, 1382.9486252104757, 885.3858093952219, 1136.0617496825398], [1382.9486252104757, 0.0, 514.387532629397, 251.04599227418043], [885.3858093952219, 514.387532629397, 0.0, 264.2965232508946], [1136.0617496825398, 251.04599227418043, 264.2965232508946, 0.0]], "144": [[0.0, 872.9149202501502, 1123.6080305312119, 670.7613786251645, 866.8067942385595], [872.9149202501502, 0.0, 1933.3664552259336, 1484.2367569680516, 1671.5530996186544], [1123.6080305312119, 1933.3664552259336, 0.0, 455.4695345185464, 263.06874208076755], [670.7613786251645, 1484.2367569680516, 455.4695345185464, 0.0, 196.16178890621748], [866.8067942385595, 1671.5530996186544, 263.06874208076755, 196.16178890621748, 0.0]], "145": [[0.0, 950.3846750690504, 671.6792560875849, 637.6914512125794], [950.3846750690504, 0.0, 284.7508597360317, 321.74002941823807], [671.6792560875849, 284.7508597360317, 0.0, 43.94980383570231], [637.6914512125794, 321.74002941823807, 43.94980383570231, 0.0]], "146": [[0.0, 245.76714010486774, 317.3554594391054], [245.76714010486774, 0.0, 75.47725642484887], [317.3554594391054, 75.47725642484887, 0.0]], "147": [[0.0, 43.26353336991519, 1249.2697664114492, 1415.6697981450773, 1501.0018299376595], [43.26353336991519, 0.0, 1206.2568655059295, 1372.8052446865074, 1458.0336884347712], [1249.2697664114492, 1206.2568655059295, 0.0, 183.75901323999645, 256.9794767198368], [1415.6697981450773, 1372.8052446865074, 183.75901323999645, 0.0, 94.20408702727187], [1501.0018299376595, 1458.0336884347712, 256.9794767198368, 94.20408702727187, 0.0]], "148": [[0.0, 70.90530836223036, 1592.1130377149468, 1668.5002760325888, 606.1312410512854], [70.90530836223036, 0.0, 1523.1337148196003, 1599.1472637712836, 675.0248531049331], [1592.1130377149468, 1523.1337148196003, 0.0, 148.76430834118298, 2186.9584176252765], [1668.5002760325888, 1599.1472637712836, 148.76430834118298, 0.0, 2269.701420794292], [606.1312410512854, 675.0248531049331, 2186.9584176252765, 2269.701420794292, 0.0]], "149": [[0.0, 63.71067087018358, 1551.7414392071269, 1597.523831885797, 1812.4556150716446, 133.6664453108437], [63.71067087018358, 0.0, 1488.9357541986114, 1534.634686603246, 1749.6046592495657, 189.1799375983191], [1551.7414392071269, 1488.9357541986114, 0.0, 51.158205562458285, 293.433754859219, 1663.0322960681278], [1597.523831885797, 1534.634686603246, 51.158205562458285, 0.0, 250.28869690321287, 1709.0974109280207], [1812.4556150716446, 1749.6046592495657, 293.433754859219, 250.28869690321287, 0.0, 1928.8042438036127], [133.6664453108437, 189.1799375983191, 1663.0322960681278, 1709.0974109280207, 1928.8042438036127, 0.0]], "150": [[0.0, 88.42420187778337, 1668.3421069592905, 1727.7339523457342, 2445.965099166343, 1057.6697779854069], [88.42420187778337, 0.0, 1580.8666662983978, 1640.314441574054, 2358.422103658929, 970.1400506760008], [1668.3421069592905, 1580.8666662983978, 0.0, 60.0393817642362, 787.2630669314162, 618.0413136875005], [1727.7339523457342, 1640.314441574054, 60.0393817642362, 0.0, 728.5240848452889, 676.8041180904478], [2445.965099166343, 2358.422103658929, 787.2630669314162, 728.5240848452889, 0.0, 1388.4243179526602], [1057.6697779854069, 970.1400506760008, 618.0413136875005, 676.8041180904478, 1388.4243179526602, 0.0]], "151": [[0.0, 97.44071905028902], [97.44071905028902, 0.0]], "152": [[0.0, 632.2974463360554, 567.903940833573, 1179.3383869059883], [632.2974463360554, 0.0, 64.47471688108907, 556.2575250851916], [567.903940833573, 64.47471688108907, 0.0, 618.5590579593458], [1179.3383869059883, 556.2575250851916, 618.5590579593458, 0.0]], "153": [[0.0, 147.28749715488405, 814.9504920220646, 752.7441357075548, 936.0702631553544], [147.28749715488405, 0.0, 961.9591287201392, 899.5635157621304, 1083.2174588952191], [814.9504920220646, 961.9591287201392, 0.0, 66.01749215521251, 124.68762006840738], [752.7441357075548, 899.5635157621304, 66.01749215521251, 0.0, 190.0352544292931], [936.0702631553544, 1083.2174588952191, 124.68762006840738, 190.0352544292931, 0.0]], "154": [[0.0, 1031.1760671067316, 2280.88204649626, 2439.3047322249854, 657.2450760837535], [1031.1760671067316, 0.0, 1251.1465040524515, 1409.657155596883, 378.0349379166535], [2280.88204649626, 1251.1465040524515, 0.0, 158.7034452581252, 1624.0835533868685], [2439.3047322249854, 1409.657155596883, 158.7034452581252, 0.0, 1782.4014869457508], [657.2450760837535, 378.0349379166535, 1624.0835533868685, 1782.4014869457508, 0.0]], "155": [[0.0]], "156": [[0.0, 89.12903252054518, 191.43068989694927, 309.3330323160826], [89.12903252054518, 0.0, 102.44927238219256, 220.87274658949605], [191.43068989694927, 102.44927238219256, 0.0, 119.0090116659182], [309.3330323160826, 220.87274658949605, 119.0090116659182, 0.0]], "157": [[0.0, 240.9376233287371, 380.86655441618484, 155.73582059476934, 104.68211717538775], [240.9376233287371, 0.0, 140.28686781905213, 394.57343852177127, 136.99015644775895], [380.86655441618484, 14